700
250
0 293
530 303
228 291
440 564
593 210
68 235
639 163
589 122
292 368
505 61
55 568
608 607
172 67
138 55
462 62
319 118
699 322
376 420
601 275
696 612
98 320
57 473
342 313
685 662
49 390
33 109
693 586
487 634
94 679
310 391
128 237
158 453
580 368
310 487
532 537
8 397
238 482
43 460
121 103
169 559
280 143
184 414
266 71
34 328
423 243
0 549
423 32
588 580
355 305
4 118
174 464
460 654
362 227
491 32
671 2
318 390
116 107
280 510
122 655
670 509
100 560
621 425
124 632
311 19
15 90
322 140
484 244
229 230
465 440
187 384
118 402
493 364
692 80
659 375
616 411
148 586
553 49
483 226
205 479
425 110
645 285
394 433
326 601
276 482
184 553
177 690
305 192
195 404
631 5
529 412
138 680
463 75
528 536
485 242
331 195
407 72
511 405
316 317
482 444
107 597
65 513
262 238
485 77
218 275
319 103
289 538
507 517
630 437
317 659
118 453
180 400
296 138
689 242
227 112
71 621
412 594
476 135
266 687
616 561
378 263
5 678
210 611
390 428
152 284
296 343
687 326
74 431
645 568
134 2
267 322
215 129
138 171
698 3
185 136
368 645
614 552
42 687
42 531
663 317
510 164
95 85
486 297
692 55
439 318
584 682
471 221
459 432
683 423
191 139
208 160
289 492
527 516
663 614
169 354
627 183
252 414
628 379
611 12
302 116
509 57
173 172
699 441
234 277
23 214
366 450
175 306
297 66
85 669
358 294
310 36
15 585
347 285
308 362
284 173
101 688
531 277
396 122
291 693
582 576
35 21
525 45
494 518
245 192
161 601
594 623
323 98
644 128
290 179
431 208
588 365
570 255
197 242
666 226
395 280
110 601
365 480
454 501
637 451
236 92
478 303
409 297
261 244
373 606
58 220
77 337
395 554
613 305
40 364
449 612
120 570
204 594
71 1
52 294
282 623
136 233
485 287
644 196
333 613
94 315
590 42
242 460
155 252
210 167
90 322
424 298
254 26
469 125
534 170
169 24
483 188
265 328
605 186
156 4
515 178
199 675
478 484
560 37
366 2
0 280
134 342
340 354
7 639
587 651
328 44
415 663
399 27
372 432
139 473
249 519
124 195
